0	233.416145	ここから本番	1
1	246.940825	いつからめがねをかけているかという質問の後、めがねかぁと少し考えるような思い出しているようなしぐさ。	4
2	246.940825	横を見て目を合わせず一人で考えている様子。	5
3	251.986444	さっきの質問に社会人になってからかなと回答	1
4	264.858408	今使っているメガネは２年前くらいから	1
5	264.858408	質問者の反応にうなずくなど会話の合間でも反応をしている。	5
6	268.587588	目線が安定していない	5
7	277.332562	こだわりは軽いもの	1
8	279.323052	細いフレームで軽さ重視？という質問者の問いかけにうなずく	4
9	285.224719	一番最初に買っためがね軽い	1
10	304.431569	次買うなら軽さとかけ具合	2
11	312.616825	レーシック手術は受けようと思わない	2
12	321.871983	レーシックやった人はいるけど、成功した人が一人と失敗した人が一人だから不安がある	2
13	339.120515	めがねをかけるのが好きか聞かれ、少し考えてから、そうでもないと回答	1
14	343.766945	基本仕事してるときはかけない	2
15	345.191564	手や体を使った、目で見えるリアクションが大きくなってくる。	5
16	351.99824	パソコン見るときはかけないけど、車を運転するときや遠くを見るときはかける。	2
17	355.546821	コンタクトをかけることはない	1
18	359.734251	コンタクトはめんどくさいから	2
19	365.599433	自分でやるのがヤダ	2
20	384.443777	ファッションではメガネをかけない	1
21	388.581468	めがねをファッションとして見ていない	2
22	389.022509	ファッションっていう感覚がない	2
23	392.668385	とりあえず見えないからかけてる。	1
24	399.137476	色とかはあまり思わない	2
25	404.145357	めがねは実用性が重視	2
